->run regen_eigenvec.txt
RecordCli = YES
Matrix is not symmetric and has complex eigenvalues.
Eigenvalues saved as G9_EIGV_CAMPNET-eig
Eigenvalues of CAMPNET

                     1           2           3 
                  Real   Imaginary     Complex 
           ----------- ----------- ----------- 
     1  e1  3.00000000  0.00000000  0.00000000 
     2  e2  2.93543243  0.00000000  0.00000000 
     3  e3  2.35728741  0.00000000  0.00000000 
     4  e4 -2.11044645  0.00000000  0.00000000 
     5  e5 -1.47283387  0.00000000  0.00000000 
     6  e6 -1.00000000  0.00000000  0.00000000 
     7  e7  1.00000000  0.00000000  0.00000000 
     8  e8 -1.00000000  0.00000000  0.00000000 
     9  e9 -1.00000000  0.00000000  0.00000000 
    10 e10 -1.00000000  0.00000000  0.00000000 
    11 e11 -1.00000000  0.00000000  0.00000000 
    12 e12 -1.00000000  0.00000000  0.00000000 
    13 e13  0.62392724  0.13054258  1.00000000 
    14 e14  0.62392724 -0.13054258  1.00000000 
    15 e15 -0.49469540  0.00000000  0.00000000 
    16 e16 -0.46259841  0.00000000  0.00000000 
    17 e17  0.00000000  0.00000000  0.00000000 
    18 e18  0.00000000 -0.00000000  0.00000000 

18 rows, 3 columns, 1 levels.


Eigenvectors of CAMPNET

Right
                         1           2           3           4           5           6           7           8           9          10          11          12          13          14          15          16          17          18 
         Right          e1          e2          e3          e4          e5          e6          e7          e8          e9         e10         e11         e12         e13         e14         e15         e16         e17         e18 
               ----------- ----------- ----------- ----------- ----------- ----------- ----------- ----------- ----------- ----------- ----------- ----------- ----------- ----------- ----------- ----------- ----------- ----------- 
     1   HOLLY  0.23570226  0.00000000 -0.15692464 -0.41488838 -0.00000000  0.02274128  0.00000000  0.22712365  0.13063288 -0.27531433 -0.33983558  0.04167080  0.11855186  0.11855186  0.05087240 -0.00000000  0.00000000  0.00000000 
     2  BRAZEY  0.23570226  0.43481132  0.10364559  0.01224161 -0.30659050 -0.13573264 -0.35355338  0.27709714  0.44551286  0.20062758 -0.24802522 -0.20542216 -0.08584696 -0.08584696  0.25337714  0.25290418  0.00000000  0.00000000 
     3   CAROL  0.23570226  0.00000000  0.05105382 -0.24905254  0.00000000  0.35211134 -0.00000000 -0.11889357 -0.28843072 -0.04200758  0.26898745  0.04579218 -0.42522088 -0.42522088  0.00319404 -0.00000000 -0.00000000 -0.00000000 
     4     PAM  0.23570226  0.00000000  0.08622042  0.23367648 -0.00000000  0.34939960  0.00000000 -0.14651535 -0.12116288  0.00726264  0.05384802 -0.08079155  0.06907708  0.06907708  0.02438469 -0.00000000 -0.00000000  0.00000000 
     5     PAT  0.23570226  0.00000000 -0.01692571  0.54098815  0.00000000 -0.35075548 -0.00000000  0.13270447  0.20479679  0.01737247 -0.16141774  0.01749968  0.09864660  0.09864660 -0.02915880  0.00000000  0.00000000  0.00000000 
     6  JENNIE  0.23570226  0.00000000  0.06597207 -0.47778568  0.00000000 -0.02409716  0.00000000 -0.24093455 -0.04699895  0.29994944  0.23226589 -0.10496267  0.38588476  0.38588476 -0.03964172  0.00000000  0.00000000 -0.00000000 
     7 PAULINE  0.23570226  0.00000000  0.05105382 -0.24905254 -0.00000000 -0.35075548 -0.00000000  0.13270447  0.20479679  0.01737247 -0.16141774  0.01749968 -0.42522088 -0.42522088  0.00319404 -0.00000000 -0.00000000  0.00000000 
     8     ANN  0.23570226  0.00000000  0.08622042  0.23367648  0.00000000  0.02545303  0.00000000  0.25474545 -0.03663498 -0.32458454 -0.12469617  0.16825454  0.06907708  0.06907708  0.02438469 -0.00000000 -0.00000000  0.00000000 
     9 MICHAEL  0.23570226  0.00000000 -0.43921119  0.10093512  0.00000000  0.11164817 -0.00000000 -0.16594556  0.01716848 -0.25817996  0.11170559  0.21350574 -0.08826028 -0.08826028 -0.02039223  0.00000000  0.00000000 -0.00000000 
    10    BILL  0.23570226  0.00000000 -0.55896175 -0.14347927 -0.00000000  0.02274128 -0.00000000  0.22712365  0.13063288 -0.27531433 -0.33983558  0.04167080 -0.38516271 -0.38516271  0.12366538 -0.00000000 -0.92957753  0.40898508 
    11     LEE  0.23570226  0.43481132  0.10364559  0.01224161 -0.30659050 -0.12658685 -0.35355338  0.14964063 -0.24153028 -0.28992018  0.00979457 -0.36370233 -0.08584696 -0.08584696  0.25337714  0.25290418  0.00000000 -0.00000000 
    12     DON  0.23570226  0.00000000 -0.43921119  0.10093512  0.00000000 -0.02138541  0.00000000 -0.21331277 -0.21426681  0.25067922  0.44740531  0.02162107 -0.08826028 -0.08826028 -0.02039223  0.00000000  0.00000000 -0.00000000 
    13    JOHN  0.23570226  0.22218773 -0.04966413  0.12468474  0.31224549  0.61307496  0.70710677 -0.55944222 -0.40877935  0.07192015  0.39964837  0.55162477 -0.51218033 -0.51218033 -0.80231762 -0.82005525  0.36862665  0.91254109 
    14   HARRY  0.23570226  0.00000000 -0.43921119  0.10093512  0.00000000 -0.11300404  0.00000000  0.15213469  0.06646544  0.28281510 -0.21927530 -0.27679759 -0.08826028 -0.08826028 -0.02039223  0.00000000  0.00000000 -0.00000000 
    15    GERY  0.23570226  0.27264881 -0.15995033 -0.06106438  0.17091003 -0.12658685  0.35355338  0.14964063 -0.24153028 -0.28992018  0.00979457 -0.36370233  0.01831839  0.01831839  0.36404917  0.36175486  0.00000000 -0.00000000 
    16   STEVE  0.23570226  0.42077395  0.07033842 -0.01903844  0.37907368  0.15067133 -0.00000000 -0.26079220 -0.22115104  0.34747258  0.12652504  0.35561872  0.01593008  0.01593008 -0.18936083 -0.18494862 -0.00000000  0.00000000 
    17    BERT  0.23570226  0.42077395  0.07033842 -0.01903844  0.37907368  0.11164817 -0.00000000 -0.16594556  0.01716848 -0.25817996  0.11170559  0.21350574  0.01593008  0.01593008 -0.18936083 -0.18494862  0.00000000  0.00000000 
    18    RUSS  0.23570226  0.37956819 -0.00817612  0.04697644 -0.63079578 -0.13573264  0.35355338  0.27709714  0.44551286  0.20062758 -0.24802522 -0.20542216  0.08066740  0.08066740  0.02965960  0.01760139  0.00000000  0.00000000 

18 rows, 18 columns, 4 levels.

Left
                         1           2           3           4           5           6           7           8           9          10          11          12          13          14          15          16          17          18 
          Left          e1          e2          e3          e4          e5          e6          e7          e8          e9         e10         e11         e12         e13         e14         e15         e16         e17         e18 
               ----------- ----------- ----------- ----------- ----------- ----------- ----------- ----------- ----------- ----------- ----------- ----------- ----------- ----------- ----------- ----------- ----------- ----------- 
     1   HOLLY  0.21081851  0.08870269 -0.40276584  0.28352612  0.03632579  0.00000000  0.25000000  0.00000000  0.00000000  0.00000000  0.00000000  0.00000000  0.43552557  0.43552557 -0.40721840 -0.40358329 -0.41716576 -0.03347269 
     2  BRAZEY -0.00000000 -0.10700292 -0.00000000  0.00000000  0.28810117  0.26544172  0.37500000  0.41037938 -0.53231400  0.30737641 -0.42516926 -0.11736531  0.00000000  0.00000000 -0.00000000  0.06359030 -0.22910845 -0.48535967 
     3   CAROL  0.26352313  0.18339032  0.20835543  0.17323953 -0.00933041  0.41121414 -0.12500000 -0.00558196  0.02923935  0.06298191  0.14702991 -0.00347655 -0.24424431 -0.24424431  0.26672229  0.26089209  0.41716576  0.03347269 
     4     PAM  0.52704626  0.35493955  0.28279820 -0.53885233  0.02307255  0.13150288  0.00000000  0.08419928 -0.15038095  0.01646496 -0.47869539  0.33390769 -0.09831266 -0.09831266 -0.39866856 -0.38158038 -0.26442680  0.29010040 
     5     PAT  0.42163703  0.27994412  0.17785315 -0.52938974  0.03991666 -0.00000000 -0.00000000  0.00000000  0.00000000  0.00000000  0.00000000  0.00000000  0.29937690  0.29937690  0.03821535  0.04863429  0.26442680 -0.29010040 
     6  JENNIE  0.42163703  0.29127830  0.30036092  0.49670616 -0.05961147  0.00000000  0.00000000  0.00000000  0.00000000  0.00000000  0.00000000  0.00000000  0.37375462  0.37375462  0.29175279  0.28951561  0.26442680 -0.29010040 
     7 PAULINE  0.36893240  0.25838578  0.31330049  0.16377696 -0.02617452 -0.41121414 -0.12500000  0.00558196 -0.02923935 -0.06298191 -0.14702991  0.00347655 -0.64193392 -0.64193392 -0.17016162 -0.16932257 -0.26442680  0.29010040 
     8     ANN  0.31622776  0.22014402  0.24738567  0.01997026  0.02480858 -0.13150288  0.00000000 -0.08419928  0.15038095 -0.01646496  0.47869539 -0.33390769  0.09123669  0.09123669  0.21612446  0.19901662  0.00000000  0.00000000 
     9 MICHAEL  0.05270463 -0.03216071 -0.33577344  0.06211642 -0.41173586  0.27668741 -0.12500000  0.18990484  0.14711154 -0.40684396  0.14161183 -0.43151483 -0.18420528 -0.18420528  0.32304022  0.37523708  0.00000000  0.00000000 
    10    BILL  0.00000000  0.00000000  0.00000000  0.00000000 -0.00000000  0.00000000  0.00000000  0.00000000  0.00000000  0.00000000  0.00000000  0.00000000  0.00000000  0.00000000  0.00000000  0.00000000  0.34079626 -0.12831385 
    11     LEE -0.00000000 -0.31409982  0.00000000 -0.00000000 -0.42432517 -0.26544172  0.37500000 -0.41037938  0.53231400 -0.30737641  0.42516926  0.11736531  0.00000000  0.00000000  0.00000000 -0.02941677 -0.00000000  0.00000000 
    12     DON  0.10540926  0.01756841 -0.45574111 -0.19320980  0.12074583 -0.56837595  0.25000000 -0.62510991 -0.26581216  0.26415703  0.11837447  0.09208370  0.15300763  0.15300763 -0.48284674 -0.49408224 -0.34079626  0.12831385 
    13    JOHN  0.00000000  0.00000000  0.00000000  0.00000000  0.00000000  0.00000000 -0.00000000 -0.00000000  0.00000000  0.00000000  0.00000000  0.00000000  0.00000000  0.00000000  0.00000000  0.00000000 -0.15273897 -0.32357311 
    14   HARRY  0.05270463 -0.00497109 -0.33577344  0.06211642  0.19757152  0.29168853  0.12500000  0.43520504  0.11870063  0.14268693 -0.25998628  0.33943114 -0.18420528 -0.18420528  0.32304022  0.25690788  0.07636949  0.16178656 
    15    GERY -0.00000000 -0.10700292  0.00000000  0.00000000  0.28810117 -0.00000000 -0.50000000  0.00000000  0.00000000  0.00000000 -0.00000000 -0.00000000 -0.00000000 -0.00000000 -0.00000000  0.06359030 -0.07636949 -0.16178656 
    16   STEVE -0.00000000 -0.42110273  0.00000000  0.00000000 -0.13622400 -0.02838920 -0.12500000 -0.12787990  0.37413710  0.52292609  0.13279448 -0.46879631  0.00000000  0.00000000 -0.00000000  0.03417353  0.07636949  0.16178656 
    17    BERT -0.00000000 -0.39391312  0.00000000  0.00000000  0.47308335  0.02838920  0.12500000  0.12787990 -0.37413710 -0.52292609 -0.13279448  0.46879631  0.00000000  0.00000000  0.00000000 -0.08415567  0.15273897  0.32357311 
    18    RUSS -0.00000000 -0.31409982  0.00000000 -0.00000000 -0.42432517  0.00000000 -0.50000000  0.00000000  0.00000000  0.00000000  0.00000000  0.00000000 -0.00000000 -0.00000000  0.00000000 -0.02941677  0.15273897  0.32357311 

18 rows, 18 columns, 4 levels.

RightIm
                         1           2           3           4           5           6           7           8           9          10          11          12          13          14          15          16          17          18 
       RightIm          e1          e2          e3          e4          e5          e6          e7          e8          e9         e10         e11         e12         e13         e14         e15         e16         e17         e18 
               ----------- ----------- ----------- ----------- ----------- ----------- ----------- ----------- ----------- ----------- ----------- ----------- ----------- ----------- ----------- ----------- ----------- ----------- 
     1   HOLLY  0.00000000  0.00000000  0.00000000  0.00000000  0.00000000  0.00000000  0.00000000  0.00000000  0.00000000  0.00000000  0.00000000  0.00000000 -0.04209867  0.04209867  0.00000000  0.00000000  0.00000000  0.00000000 
     2  BRAZEY  0.00000000  0.00000000  0.00000000  0.00000000  0.00000000  0.00000000  0.00000000  0.00000000  0.00000000  0.00000000  0.00000000  0.00000000  0.00325214 -0.00325214  0.00000000  0.00000000  0.00000000  0.00000000 
     3   CAROL  0.00000000  0.00000000  0.00000000  0.00000000  0.00000000  0.00000000  0.00000000  0.00000000  0.00000000  0.00000000  0.00000000  0.00000000 -0.05982495  0.05982495  0.00000000  0.00000000  0.00000000  0.00000000 
     4     PAM  0.00000000  0.00000000  0.00000000  0.00000000  0.00000000  0.00000000  0.00000000  0.00000000  0.00000000  0.00000000  0.00000000  0.00000000  0.10232761 -0.10232761  0.00000000  0.00000000  0.00000000  0.00000000 
     5     PAT  0.00000000  0.00000000  0.00000000  0.00000000  0.00000000  0.00000000  0.00000000  0.00000000  0.00000000  0.00000000  0.00000000  0.00000000 -0.13533850  0.13533850  0.00000000  0.00000000  0.00000000  0.00000000 
     6  JENNIE  0.00000000  0.00000000  0.00000000  0.00000000  0.00000000  0.00000000  0.00000000  0.00000000  0.00000000  0.00000000  0.00000000  0.00000000  0.03035982 -0.03035982  0.00000000  0.00000000  0.00000000  0.00000000 
     7 PAULINE  0.00000000  0.00000000  0.00000000  0.00000000  0.00000000  0.00000000  0.00000000  0.00000000  0.00000000  0.00000000  0.00000000  0.00000000 -0.05982495  0.05982495  0.00000000  0.00000000  0.00000000  0.00000000 
     8     ANN  0.00000000  0.00000000  0.00000000  0.00000000  0.00000000  0.00000000  0.00000000  0.00000000  0.00000000  0.00000000  0.00000000  0.00000000  0.10232761 -0.10232761  0.00000000  0.00000000  0.00000000  0.00000000 
     9 MICHAEL  0.00000000  0.00000000  0.00000000  0.00000000  0.00000000  0.00000000  0.00000000  0.00000000  0.00000000  0.00000000  0.00000000  0.00000000  0.02222045 -0.02222045  0.00000000  0.00000000  0.00000000  0.00000000 
    10    BILL  0.00000000  0.00000000  0.00000000  0.00000000  0.00000000  0.00000000  0.00000000  0.00000000  0.00000000  0.00000000  0.00000000  0.00000000  0.18742806 -0.18742806  0.00000000  0.00000000  0.00000000  0.00000000 
    11     LEE  0.00000000  0.00000000  0.00000000  0.00000000  0.00000000  0.00000000  0.00000000  0.00000000  0.00000000  0.00000000  0.00000000  0.00000000  0.00325214 -0.00325214  0.00000000  0.00000000  0.00000000  0.00000000 
    12     DON  0.00000000  0.00000000  0.00000000  0.00000000  0.00000000  0.00000000  0.00000000  0.00000000  0.00000000  0.00000000  0.00000000  0.00000000  0.02222045 -0.02222045  0.00000000  0.00000000  0.00000000  0.00000000 
    13    JOHN  0.00000000  0.00000000  0.00000000  0.00000000  0.00000000  0.00000000  0.00000000  0.00000000  0.00000000  0.00000000  0.00000000  0.00000000  0.05110845 -0.05110845  0.00000000  0.00000000  0.00000000  0.00000000 
    14   HARRY  0.00000000  0.00000000  0.00000000  0.00000000  0.00000000  0.00000000  0.00000000  0.00000000  0.00000000  0.00000000  0.00000000  0.00000000  0.02222045 -0.02222045  0.00000000  0.00000000  0.00000000  0.00000000 
    15    GERY  0.00000000  0.00000000  0.00000000  0.00000000  0.00000000  0.00000000  0.00000000  0.00000000  0.00000000  0.00000000  0.00000000  0.00000000  0.02368691 -0.02368691  0.00000000  0.00000000  0.00000000  0.00000000 
    16   STEVE  0.00000000  0.00000000  0.00000000  0.00000000  0.00000000  0.00000000  0.00000000  0.00000000  0.00000000  0.00000000  0.00000000  0.00000000 -0.00621486  0.00621486  0.00000000  0.00000000  0.00000000  0.00000000 
    17    BERT  0.00000000  0.00000000  0.00000000  0.00000000  0.00000000  0.00000000  0.00000000  0.00000000  0.00000000  0.00000000  0.00000000  0.00000000 -0.00621486  0.00621486  0.00000000  0.00000000  0.00000000  0.00000000 
    18    RUSS  0.00000000  0.00000000  0.00000000  0.00000000  0.00000000  0.00000000  0.00000000  0.00000000  0.00000000  0.00000000  0.00000000  0.00000000  0.00116465 -0.00116465  0.00000000  0.00000000  0.00000000  0.00000000 

18 rows, 18 columns, 4 levels.

LeftIm
                         1           2           3           4           5           6           7           8           9          10          11          12          13          14          15          16          17          18 
        LeftIm          e1          e2          e3          e4          e5          e6          e7          e8          e9         e10         e11         e12         e13         e14         e15         e16         e17         e18 
               ----------- ----------- ----------- ----------- ----------- ----------- ----------- ----------- ----------- ----------- ----------- ----------- ----------- ----------- ----------- ----------- ----------- ----------- 
     1   HOLLY  0.00000000  0.00000000  0.00000000  0.00000000  0.00000000  0.00000000  0.00000000  0.00000000  0.00000000  0.00000000  0.00000000  0.00000000  1.43832219 -1.43832219  0.00000000  0.00000000  0.00000000  0.00000000 
     2  BRAZEY  0.00000000  0.00000000  0.00000000  0.00000000  0.00000000  0.00000000  0.00000000  0.00000000  0.00000000  0.00000000  0.00000000  0.00000000 -0.00000000  0.00000000  0.00000000  0.00000000  0.00000000  0.00000000 
     3   CAROL  0.00000000  0.00000000  0.00000000  0.00000000  0.00000000  0.00000000  0.00000000  0.00000000  0.00000000  0.00000000  0.00000000  0.00000000  1.45673776 -1.45673776  0.00000000  0.00000000  0.00000000  0.00000000 
     4     PAM  0.00000000  0.00000000  0.00000000  0.00000000  0.00000000  0.00000000  0.00000000  0.00000000  0.00000000  0.00000000  0.00000000  0.00000000 -0.57972366  0.57972366  0.00000000  0.00000000  0.00000000  0.00000000 
     5     PAT  0.00000000  0.00000000  0.00000000  0.00000000  0.00000000  0.00000000  0.00000000  0.00000000  0.00000000  0.00000000  0.00000000  0.00000000  2.01993465 -2.01993465  0.00000000  0.00000000  0.00000000  0.00000000 
     6  JENNIE  0.00000000  0.00000000  0.00000000  0.00000000  0.00000000  0.00000000  0.00000000  0.00000000  0.00000000  0.00000000  0.00000000  0.00000000 -0.45276600  0.45276600  0.00000000  0.00000000  0.00000000  0.00000000 
     7 PAULINE  0.00000000  0.00000000  0.00000000  0.00000000  0.00000000  0.00000000  0.00000000  0.00000000  0.00000000  0.00000000  0.00000000  0.00000000 -1.14292037  1.14292037  0.00000000  0.00000000  0.00000000  0.00000000 
     8     ANN  0.00000000  0.00000000  0.00000000  0.00000000  0.00000000  0.00000000  0.00000000  0.00000000  0.00000000  0.00000000  0.00000000  0.00000000 -1.67391300  1.67391300  0.00000000  0.00000000  0.00000000  0.00000000 
     9 MICHAEL  0.00000000  0.00000000  0.00000000  0.00000000  0.00000000  0.00000000  0.00000000  0.00000000  0.00000000  0.00000000  0.00000000  0.00000000 -0.64142334  0.64142334  0.00000000  0.00000000  0.00000000  0.00000000 
    10    BILL  0.00000000  0.00000000  0.00000000  0.00000000  0.00000000  0.00000000  0.00000000  0.00000000  0.00000000  0.00000000  0.00000000  0.00000000 -0.00000000  0.00000000  0.00000000  0.00000000  0.00000000  0.00000000 
    11     LEE  0.00000000  0.00000000  0.00000000  0.00000000  0.00000000  0.00000000  0.00000000  0.00000000  0.00000000  0.00000000  0.00000000  0.00000000 -0.00000000  0.00000000  0.00000000  0.00000000  0.00000000  0.00000000 
    12     DON  0.00000000  0.00000000  0.00000000  0.00000000  0.00000000  0.00000000  0.00000000  0.00000000  0.00000000  0.00000000  0.00000000  0.00000000  0.21717520 -0.21717520  0.00000000  0.00000000  0.00000000  0.00000000 
    13    JOHN  0.00000000  0.00000000  0.00000000  0.00000000  0.00000000  0.00000000  0.00000000  0.00000000  0.00000000  0.00000000  0.00000000  0.00000000 -0.00000000  0.00000000  0.00000000  0.00000000  0.00000000  0.00000000 
    14   HARRY  0.00000000  0.00000000  0.00000000  0.00000000  0.00000000  0.00000000  0.00000000  0.00000000  0.00000000  0.00000000  0.00000000  0.00000000 -0.64142334  0.64142334  0.00000000  0.00000000  0.00000000  0.00000000 
    15    GERY  0.00000000  0.00000000  0.00000000  0.00000000  0.00000000  0.00000000  0.00000000  0.00000000  0.00000000  0.00000000  0.00000000  0.00000000  0.00000000 -0.00000000  0.00000000  0.00000000  0.00000000  0.00000000 
    16   STEVE  0.00000000  0.00000000  0.00000000  0.00000000  0.00000000  0.00000000  0.00000000  0.00000000  0.00000000  0.00000000  0.00000000  0.00000000  0.00000000 -0.00000000  0.00000000  0.00000000  0.00000000  0.00000000 
    17    BERT  0.00000000  0.00000000  0.00000000  0.00000000  0.00000000  0.00000000  0.00000000  0.00000000  0.00000000  0.00000000  0.00000000  0.00000000  0.00000000 -0.00000000  0.00000000  0.00000000  0.00000000  0.00000000 
    18    RUSS  0.00000000  0.00000000  0.00000000  0.00000000  0.00000000  0.00000000  0.00000000  0.00000000  0.00000000  0.00000000  0.00000000  0.00000000  0.00000000 -0.00000000  0.00000000  0.00000000  0.00000000  0.00000000 

18 rows, 18 columns, 4 levels.

Matrix is symmetric: eigenvalues are real and left eigenvectors equal right eigenvectors.
Eigenvalues saved as G9_EIGV_DISC-eig
Eigenvalues of G9_DISC

                     1 
            Eigenvalue 
           ----------- 
     1  e1  2.00000000 
     2  e2 -2.00000000 
     3  e3  2.00000000 
     4  e4 -1.61803401 
     5  e5  1.61803401 
     6  e6 -1.00000000 
     7  e7 -1.00000000 
     8  e8 -0.61803401 
     9  e9  0.61803401 
    10 e10  0.00000000 
    11 e11  0.00000000 
    12 e12  0.00000000 

12 rows, 1 columns, 1 levels.


Eigenvectors of G9_DISC

                     1           2           3           4           5           6           7           8           9          10          11          12 
                    e1          e2          e3          e4          e5          e6          e7          e8          e9         e10         e11         e12 
           ----------- ----------- ----------- ----------- ----------- ----------- ----------- ----------- ----------- ----------- ----------- ----------- 
     1  n1  0.70710677 -0.70710677  0.00000000  0.00000000  0.00000000  0.00000000  0.00000000  0.00000000  0.00000000  0.00000000  0.00000000  0.00000000 
     2  n2  0.35355338  0.35355338  0.00000000  0.00000000  0.00000000  0.00000000  0.00000000  0.00000000  0.00000000  0.50000000  0.50000000  0.50000000 
     3  n3  0.35355338  0.35355338  0.00000000  0.00000000  0.00000000  0.00000000  0.00000000  0.00000000  0.00000000  0.16666667  0.16666667 -0.83333331 
     4  n4  0.35355338  0.35355338  0.00000000  0.00000000  0.00000000  0.00000000  0.00000000  0.00000000  0.00000000 -0.83333331  0.16666667  0.16666667 
     5  n5  0.35355338  0.35355338  0.00000000  0.00000000  0.00000000  0.00000000  0.00000000  0.00000000  0.00000000  0.16666667 -0.83333331  0.16666667 
     6  n6  0.00000000  0.00000000  0.00000000  0.37174803  0.37174803  0.00000000  0.00000000  0.60150093 -0.60150093  0.00000000  0.00000000  0.00000000 
     7  n7  0.00000000  0.00000000  0.00000000 -0.60150093  0.60150093  0.00000000  0.00000000 -0.37174803 -0.37174803  0.00000000  0.00000000  0.00000000 
     8  n8  0.00000000  0.00000000  0.00000000  0.60150093  0.60150093  0.00000000  0.00000000 -0.37174803  0.37174803  0.00000000  0.00000000  0.00000000 
     9  n9  0.00000000  0.00000000  0.00000000 -0.37174803  0.37174803  0.00000000  0.00000000  0.60150093  0.60150093  0.00000000  0.00000000  0.00000000 
    10 n10  0.00000000  0.00000000  0.57735026  0.00000000  0.00000000 -0.81649661  0.02985364  0.00000000  0.00000000  0.00000000  0.00000000  0.00000000 
    11 n11  0.00000000  0.00000000  0.57735026  0.00000000  0.00000000  0.40824831  0.69170713  0.00000000  0.00000000  0.00000000  0.00000000  0.00000000 
    12 n12  0.00000000  0.00000000  0.57735026  0.00000000  0.00000000  0.40824831 -0.72156078  0.00000000  0.00000000  0.00000000  0.00000000  0.00000000 

12 rows, 12 columns, 1 levels.

Matrix is not symmetric and has complex eigenvalues.
Eigenvalues saved as G9_EIGV_BAKER-eig
Eigenvalues of BAKER_JOURNALS

                      1            2            3 
                   Real    Imaginary      Complex 
           ------------ ------------ ------------ 
     1  e1 444.60409546   0.00000000   0.00000000 
     2  e2 204.99882507   0.00000000   0.00000000 
     3  e3 172.66662598   0.00000000   0.00000000 
     4  e4 117.40400696   0.00000000   0.00000000 
     5  e5 109.61792755   2.02058411   1.00000000 
     6  e6 109.61792755  -2.02058411   1.00000000 
     7  e7  95.02678680   0.88271391   1.00000000 
     8  e8  95.02678680  -0.88271391   1.00000000 
     9  e9  91.94204712   0.00000000   0.00000000 
    10 e10  77.12671661   0.00000000   0.00000000 
    11 e11  63.90641403   0.00000000   0.00000000 
    12 e12  39.04351044   0.00000000   0.00000000 
    13 e13  35.83702469   0.00000000   0.00000000 
    14 e14  35.00000000   0.00000000   0.00000000 
    15 e15  25.34350777   0.00000000   0.00000000 
    16 e16  23.69827843   0.00000000   0.00000000 
    17 e17  13.00000000   0.00000000   0.00000000 
    18 e18   8.90078354   0.00000000   0.00000000 
    19 e19   8.23874950   0.00000000   0.00000000 
    20 e20   6.00000000   0.00000000   0.00000000 

20 rows, 3 columns, 1 levels.


Eigenvectors of BAKER_JOURNALS

Right
                      1           2           3           4           5           6           7           8           9          10          11          12          13          14          15          16          17          18          19          20 
       Righ          e1          e2          e3          e4          e5          e6          e7          e8          e9         e10         e11         e12         e13         e14         e15         e16         e17         e18         e19         e20 
            ----------- ----------- ----------- ----------- ----------- ----------- ----------- ----------- ----------- ----------- ----------- ----------- ----------- ----------- ----------- ----------- ----------- ----------- ----------- ----------- 
     1  AMH  0.00519391  0.00024883  0.00157650  0.00464166  0.00358585  0.00358585  0.00184176  0.00184176  0.00006381 -0.00832080 -0.00290994 -0.00588321  0.00089944  0.00000000  0.00700619  0.00332905  1.00000000  0.04389517 -0.00527051  0.00000000 
     2  ASW  0.17333297  0.01754706  0.10709337  0.27113882  0.36126688  0.36126688 -0.03945155 -0.03945155  0.00124256 -0.28669584  0.97114086  0.08378266 -0.03304503  0.00000000 -0.02218827 -0.01066244  0.00000000 -0.12706861  0.00066176 -0.00000000 
     3 BJSW  0.04710979  0.00486427  0.05073489  0.08865527  0.16596036  0.16596036 -0.06764388 -0.06764388  0.04568960  0.29391539  0.08365003  0.01611098 -0.00221189  0.00000000  0.00435472 -0.00077211  0.00000000  0.00882201 -0.00269072  0.00000000 
     4  CAN  0.03140451  0.00795100 -0.08486297 -0.15186401 -0.03506328 -0.03506328 -0.01044605 -0.01044605  0.00230108  0.03488073  0.00062529  0.00102505  0.00531217 -0.00000000  0.00319283  0.00329404  0.00000000  0.00279379  0.00188336  0.00000000 
     5  CCQ  0.01158280  0.00785261 -0.11435638  0.00983546 -0.01719136 -0.01719136  0.05313222  0.05313222  0.99612576 -0.03911889 -0.01295748 -0.00407643  0.00219650  0.00000000  0.00560856  0.00682398  0.00000000  0.00104554  0.00070245  0.00000000 
     6   CW  0.24044712  0.07591895 -0.82502079  0.20455158  0.14706936  0.14706936  0.04514721  0.04514721 -0.00418448  0.05683473  0.02408100  0.00632474  0.01311368  0.00000000 -0.01666507 -0.03708121  0.00000000 -0.02492934  0.00926735  0.00000000 
     7 CYSR  0.11103424  0.01363118 -0.37244916  0.14726533  0.14168601  0.14168601  0.15400638  0.15400638  0.07336903  0.15882683  0.01026993  0.00494389  0.09271437  0.00000000  0.83035880  0.99683732  0.00000000 -0.16057892 -0.00799782  0.00000000 
     8 CSWJ  0.14428414  0.00631815  0.11974078 -0.32587636 -0.30749589 -0.30749589  0.11644202  0.11644202  0.00186329  0.03735050 -0.00801363 -0.79044306  0.98366195 -0.00000000  0.28685287  0.01304671  0.00000000 -0.06009787  0.06535950 -0.00000000 
     9   FR  0.05808668 -0.99564940 -0.14870626  0.13442087  0.11433997  0.11433997  0.01438745  0.01438745  0.00026501  0.01721939 -0.00004179 -0.00229097  0.00959273  0.00000000  0.00436250  0.00010945  0.00000000 -0.00374200  0.00480276  0.00000000 
    10 IJSW  0.00511102  0.00024008  0.00151028  0.00435000  0.00334227  0.00334227  0.00169636  0.00169636  0.00005862 -0.00750190 -0.00255817 -0.00463690  0.00068843 -0.00000000  0.00447080  0.00201235  0.00000000 -0.06203007  0.01120903  1.00000000 
    11 JGSW  0.04555458  0.00081783  0.03124020 -0.08164890 -0.08340367 -0.08340367 -0.01087887 -0.01087887 -0.00011865 -0.05483698 -0.00889770 -0.00575081 -0.05119653  0.00000000 -0.02498841  0.00687685  0.00000000 -0.52897680  0.99356300  0.00000000 
    12  JSP  0.00510246  0.00143508  0.00388216  0.00869848  0.01899918  0.01899918  0.05585800  0.05585800  0.00085385  0.09105975  0.01034822  0.07455921 -0.00210191  1.00000000  0.10067330  0.01288641  0.00000000 -0.01666232 -0.00276942  0.00000000 
    13 JSWE  0.17478897  0.01788388  0.18047845 -0.08330360  0.05089707  0.05089707 -0.82566214 -0.82566214 -0.01320159 -0.14414291 -0.12790719  0.00529807  0.00005931  0.00000000 -0.06546519 -0.01311615  0.00000000  0.02923273  0.00573231  0.00000000 
    14   PW  0.00271260  0.00183334 -0.02379302 -0.00225860  0.00447714  0.00447714  0.00128102  0.00128102 -0.00000760  0.00692099  0.00183405  0.00108091  0.00334016  0.00000000 -0.00271120 -0.00852253  0.00000000  0.80793816 -0.06601362  0.00000000 
    15  SCW  0.39959249 -0.00789717  0.22516847 -0.73491955 -0.65878427 -0.65878427 -0.11387713 -0.11387713 -0.00250412 -0.03339683  0.02501669  0.04665885 -0.09357540  0.00000000 -0.05795526 -0.00703831  0.00000000  0.07075612 -0.05668223 -0.00000000 
    16  SSR  0.29857004  0.03485166  0.07634905  0.10239851  0.20926133  0.20926133  0.47858065  0.47858065  0.00694572  0.54800689  0.04273286  0.04306871 -0.00025134  0.00000000 -0.13887870 -0.02080551  0.00000000  0.06212479  0.01058760  0.00000000 
    17   SW  0.74723786  0.01592490  0.08390461  0.16153580  0.11475969  0.11475969  0.05012965  0.05012965  0.00167917 -0.17786190 -0.04937820 -0.05107310  0.00684688 -0.00000000  0.02882699  0.01187171  0.00000000 -0.05997860  0.00836474 -0.00000000 
    18  SWG  0.09398153  0.00609721  0.06331991 -0.03949013 -0.03991747 -0.03991747 -0.07496455 -0.07496455  0.00110094  0.02988006 -0.09235612  0.59594178  0.05231772  0.00000000  0.05495294 -0.00705370  0.00000000  0.03208426 -0.00155084  0.00000000 
    19 SWHC  0.07646325  0.00215216  0.07713336 -0.33430314 -0.41011673 -0.41011673 -0.12735249 -0.12735249 -0.00108114  0.59643590  0.03546276  0.00840616  0.03375974 -0.00000000  0.00675284 -0.00269492  0.00000000  0.00187189  0.01178172  0.00000000 
    20 SWRA  0.13306329  0.01838375  0.04674936  0.06277307  0.14279029  0.14279029  0.00952057  0.00952057 -0.00049249  0.27673924 -0.13314626  0.01726563  0.08426900  0.00000000  0.43093595  0.05869341  0.00000000 -0.02739645 -0.01697734  0.00000000 

20 rows, 20 columns, 4 levels.

Left
                      1           2           3           4           5           6           7           8           9          10          11          12          13          14          15          16          17          18          19          20 
       Left          e1          e2          e3          e4          e5          e6          e7          e8          e9         e10         e11         e12         e13         e14         e15         e16         e17         e18         e19         e20 
            ----------- ----------- ----------- ----------- ----------- ----------- ----------- ----------- ----------- ----------- ----------- ----------- ----------- ----------- ----------- ----------- ----------- ----------- ----------- ----------- 
     1  AMH  0.00000000  0.00000000  0.00000000  0.00000000  0.00000000  0.00000000  0.00000000  0.00000000  0.00000000  0.00000000  0.00000000  0.00000000  0.00000000  0.00000000  0.00000000  0.00000000  0.99816722  0.00000000  0.00000000  0.00000000 
     2  ASW  0.04790851  0.00356463 -0.03956704  0.02162199  0.04530526  0.04530526  0.08741809  0.08741809  0.02606102 -0.01817735  0.81290609 -0.06527951  0.02463432 -0.03411396  0.09176020  0.08288342  0.00186125  0.00091068  0.01625952  0.00133860 
     3 BJSW  0.00022017  0.00002415 -0.00074196 -0.00415527 -0.00818813 -0.00818813  0.00782526  0.00782526  0.00434313  0.01335331  0.00597610  0.03485896 -0.02242068  0.00248995  0.00217564  0.00091488 -0.00018118 -0.00000592 -0.00095469 -0.00010371 
     4  CAN  0.00983592  0.00502299  0.12217998  0.31574884  0.44071123  0.44071123  0.06309054  0.06309054  0.07963043  0.05863540 -0.04929877  0.00296333  0.01465266  0.00013087 -0.00598564  0.04754723  0.00393749  0.06890666 -0.03200430 -0.00502192 
     5  CCQ  0.00004364  0.00022775  0.00222864  0.00108445  0.00073941  0.00073941  0.01076591  0.01076591  0.98193413 -0.00104230 -0.00233384  0.00163136 -0.00266811 -0.00001466  0.00449045  0.03327895  0.00016919  0.00046743  0.00011782  0.00003170 
     6   CW  0.21471772  0.15355194  0.87890851  0.08393736  0.03067433  0.03067433  0.08168640  0.08168640 -0.12507820  0.02641973  0.08284564 -0.03756148  0.04913561  0.00025061  0.00655000  0.17439455  0.00579204  0.02213932  0.00584271  0.00181766 
     7 CYSR  0.00307762  0.00514703  0.03595536  0.00550987  0.00227737  0.00227737  0.00709919  0.00709919 -0.01138074  0.00310050  0.01311318 -0.01727824  0.02996980  0.00016708 -0.05986357 -0.45460194 -0.00267325 -0.00776854 -0.00197375 -0.00054530 
     8 CSWJ  0.00477744 -0.00606638  0.01245900  0.04316426  0.01749857  0.01749857 -0.04235369 -0.04235369 -0.00775329 -0.06633585  0.02830378  0.03916164  0.49485222  0.02329314 -0.05028571 -0.01783251 -0.00026844 -0.00028210  0.02637410 -0.00076473 
     9   FR  0.04015898 -0.97606790  0.05828210  0.01838714  0.02380862  0.02380862  0.01204053  0.01204053  0.00273224  0.02302048  0.00795913 -0.00644842  0.01326351 -0.00148302 -0.00324457  0.00792166  0.00070002  0.00017677  0.00481617  0.00047836 
    10 IJSW  0.00000000  0.00000000 -0.00000000 -0.00000000 -0.00000000 -0.00000000  0.00000000  0.00000000  0.00000000  0.00000000  0.00000000 -0.00000000  0.00000000 -0.00000000 -0.00000000  0.00000000  0.00000000  0.00000000 -0.00000000  0.99734259 
    11 JGSW  0.00332809 -0.00383017  0.00757436  0.02311552  0.00904262  0.00904262 -0.02032540 -0.02032540 -0.00364159 -0.02711307  0.00924266 -0.00093509 -0.05757134 -0.00335959  0.03382133  0.01483340  0.00135900 -0.06631850  0.82529432 -0.00650023 
    12  JSP  0.00000000  0.00000000  0.00000000  0.00000000  0.00000000  0.00000000  0.00000000  0.00000000 -0.00000000  0.00000000  0.00000000  0.00000000  0.00000000  0.96568477 -0.00000000 -0.00000000  0.00000000  0.00000000  0.00000000  0.00000000 
    13 JSWE  0.12146010  0.01800533  0.00786639  0.22163385  0.30730858  0.30730858  0.69994658  0.69994658  0.07196540  0.14988720 -0.19757202  0.05665188  0.15064463  0.08291468 -0.26125351 -0.25183564  0.00423811 -0.00348461  0.01625820  0.00336434 
    14   PW  0.04447025  0.01375460 -0.00638665 -0.07227698 -0.05894636 -0.05894636  0.03011816  0.03011816 -0.00631062 -0.03484610  0.13975699  0.04157976 -0.03293944  0.01055799  0.08864160 -0.00563209 -0.05598573 -0.99511933  0.54797643  0.07022524 
    15  SCW  0.24162157 -0.12511821  0.20661172  0.41763589  0.15012544  0.15012544 -0.29154748 -0.29154748 -0.05034022 -0.30785403  0.08458024 -0.00468221 -0.25750723 -0.01455821  0.09212651  0.03633758  0.00090600  0.00109665 -0.10470928  0.00325012 
    16  SSR  0.18860686  0.01447568 -0.04847506  0.36952388  0.44792062  0.44792062 -0.34788117 -0.34788117  0.03748952  0.40465814 -0.14959227 -0.05674168  0.17527048 -0.00006214 -0.41896555 -0.30506331  0.00910902 -0.00230046  0.02946890  0.00651044 
    17   SW  0.90669066  0.08125257 -0.36310539 -0.45983267 -0.35408270 -0.35408270  0.04419617  0.04419617  0.00429592 -0.12322031 -0.18699066  0.12970713 -0.09094794  0.03764381  0.02995597  0.01824123 -0.01434968 -0.00113003 -0.03460935 -0.01250154 
    18  SWG  0.03848656  0.00132832 -0.02881282 -0.04654733 -0.06009174 -0.06009174 -0.03082841 -0.03082841 -0.00664054 -0.11933376 -0.09290925 -0.97529244  0.66323704 -0.07469857 -0.07577378 -0.03261635  0.00742847  0.00025475  0.04141522  0.00461492 
    19 SWHC  0.11610027  0.02421153 -0.16820905 -0.51377130 -0.54434639 -0.54434639  0.52758902  0.52758902  0.05497700  0.80808747  0.44140887  0.06030596 -0.03125495 -0.02822451  0.01104371  0.01691764  0.00705585  0.00083154  0.02096048  0.00566226 
    20 SWRA  0.04600051 -0.00546333 -0.00278170  0.21706791  0.23530878  0.23530878 -0.03190687 -0.03190687  0.02584517  0.15826273 -0.04678792  0.10672636 -0.42076921 -0.22524434  0.84694660  0.76978201 -0.00728550  0.00434203  0.03340046 -0.00534482 

20 rows, 20 columns, 4 levels.

RightIm
                       1            2            3            4            5            6            7            8            9           10           11           12           13           14           15           16           17           18           19           20 
       Righ           e1           e2           e3           e4           e5           e6           e7           e8           e9          e10          e11          e12          e13          e14          e15          e16          e17          e18          e19          e20 
            ------------ ------------ ------------ ------------ ------------ ------------ ------------ ------------ ------------ ------------ ------------ ------------ ------------ ------------ ------------ ------------ ------------ ------------ ------------ ------------ 
     1  AMH   0.00000000   0.00000000   0.00000000   0.00000000   0.00107795  -0.00107795   0.00077598  -0.00077598   0.00000000   0.00000000   0.00000000   0.00000000   0.00000000   0.00000000   0.00000000   0.00000000   0.00000000   0.00000000   0.00000000   0.00000000 
     2  ASW   0.00000000   0.00000000   0.00000000   0.00000000  -0.21438479   0.21438479   0.09246209  -0.09246209   0.00000000   0.00000000   0.00000000   0.00000000   0.00000000   0.00000000   0.00000000   0.00000000   0.00000000   0.00000000   0.00000000   0.00000000 
     3 BJSW   0.00000000   0.00000000   0.00000000   0.00000000  -0.20593043   0.20593043  11.07871151 -11.07871151   0.00000000   0.00000000   0.00000000   0.00000000   0.00000000   0.00000000   0.00000000   0.00000000   0.00000000   0.00000000   0.00000000   0.00000000 
     4  CAN   0.00000000   0.00000000   0.00000000   0.00000000   0.83606380  -0.83606380   0.02477089  -0.02477089   0.00000000   0.00000000   0.00000000   0.00000000   0.00000000   0.00000000   0.00000000   0.00000000   0.00000000   0.00000000   0.00000000   0.00000000 
     5  CCQ   0.00000000   0.00000000   0.00000000   0.00000000  -0.04521257   0.04521257  -0.04453903   0.04453903   0.00000000   0.00000000   0.00000000   0.00000000   0.00000000   0.00000000   0.00000000   0.00000000   0.00000000   0.00000000   0.00000000   0.00000000 
     6   CW   0.00000000   0.00000000   0.00000000   0.00000000  -0.12075342   0.12075342   0.02357350  -0.02357350   0.00000000   0.00000000   0.00000000   0.00000000   0.00000000   0.00000000   0.00000000   0.00000000   0.00000000   0.00000000   0.00000000   0.00000000 
     7 CYSR   0.00000000   0.00000000   0.00000000   0.00000000  -0.00568145   0.00568145   0.02761024  -0.02761024   0.00000000   0.00000000   0.00000000   0.00000000   0.00000000   0.00000000   0.00000000   0.00000000   0.00000000   0.00000000   0.00000000   0.00000000 
     8 CSWJ   0.00000000   0.00000000   0.00000000   0.00000000   0.10205989  -0.10205989  -0.07680050   0.07680050   0.00000000   0.00000000   0.00000000   0.00000000   0.00000000   0.00000000   0.00000000   0.00000000   0.00000000   0.00000000   0.00000000   0.00000000 
     9   FR   0.00000000   0.00000000   0.00000000   0.00000000  -0.03994111   0.03994111   0.01856469  -0.01856469   0.00000000   0.00000000   0.00000000   0.00000000   0.00000000   0.00000000   0.00000000   0.00000000   0.00000000   0.00000000   0.00000000   0.00000000 
    10 IJSW   0.00000000   0.00000000   0.00000000   0.00000000   0.00100987  -0.00100987   0.00071641  -0.00071641   0.00000000   0.00000000   0.00000000   0.00000000   0.00000000   0.00000000   0.00000000   0.00000000   0.00000000   0.00000000   0.00000000   0.00000000 
    11 JGSW   0.00000000   0.00000000   0.00000000   0.00000000   0.04106199  -0.04106199  -0.01832325   0.01832325   0.00000000   0.00000000   0.00000000   0.00000000   0.00000000   0.00000000   0.00000000   0.00000000   0.00000000   0.00000000   0.00000000   0.00000000 
    12  JSP   0.00000000   0.00000000   0.00000000   0.00000000  -0.02333484   0.02333484   0.00329867  -0.00329867   0.00000000   0.00000000   0.00000000   0.00000000   0.00000000   0.00000000   0.00000000   0.00000000   0.00000000   0.00000000   0.00000000   0.00000000 
    13 JSWE   0.00000000   0.00000000   0.00000000   0.00000000  -0.26003358   0.26003358  -0.01356759   0.01356759   0.00000000   0.00000000   0.00000000   0.00000000   0.00000000   0.00000000   0.00000000   0.00000000   0.00000000   0.00000000   0.00000000   0.00000000 
    14   PW   0.00000000   0.00000000   0.00000000   0.00000000   0.05327467  -0.05327467   0.00309856  -0.00309856   0.00000000   0.00000000   0.00000000   0.00000000   0.00000000   0.00000000   0.00000000   0.00000000   0.00000000   0.00000000   0.00000000   0.00000000 
    15  SCW   0.00000000   0.00000000   0.00000000   0.00000000   0.20591758  -0.20591758  -0.12359718   0.12359718   0.00000000   0.00000000   0.00000000   0.00000000   0.00000000   0.00000000   0.00000000   0.00000000   0.00000000   0.00000000   0.00000000   0.00000000 
    16  SSR   0.00000000   0.00000000   0.00000000   0.00000000  -0.24325830   0.24325830   0.03533072  -0.03533072   0.00000000   0.00000000   0.00000000   0.00000000   0.00000000   0.00000000   0.00000000   0.00000000   0.00000000   0.00000000   0.00000000   0.00000000 
    17   SW   0.00000000   0.00000000   0.00000000   0.00000000   0.03713147  -0.03713147   0.02175897  -0.02175897   0.00000000   0.00000000   0.00000000   0.00000000   0.00000000   0.00000000   0.00000000   0.00000000   0.00000000   0.00000000   0.00000000   0.00000000 
    18  SWG   0.00000000   0.00000000   0.00000000   0.00000000   0.01773934  -0.01773934   0.37607852  -0.37607852   0.00000000   0.00000000   0.00000000   0.00000000   0.00000000   0.00000000   0.00000000   0.00000000   0.00000000   0.00000000   0.00000000   0.00000000 
    19 SWHC   0.00000000   0.00000000   0.00000000   0.00000000   0.25033718  -0.25033718  -0.19871910   0.19871910   0.00000000   0.00000000   0.00000000   0.00000000   0.00000000   0.00000000   0.00000000   0.00000000   0.00000000   0.00000000   0.00000000   0.00000000 
    20 SWRA   0.00000000   0.00000000   0.00000000   0.00000000  -0.19680709   0.19680709   0.02182713  -0.02182713   0.00000000   0.00000000   0.00000000   0.00000000   0.00000000   0.00000000   0.00000000   0.00000000   0.00000000   0.00000000   0.00000000   0.00000000 

20 rows, 20 columns, 4 levels.

LeftIm
                      1           2           3           4           5           6           7           8           9          10          11          12          13          14          15          16          17          18          19          20 
       Left          e1          e2          e3          e4          e5          e6          e7          e8          e9         e10         e11         e12         e13         e14         e15         e16         e17         e18         e19         e20 
            ----------- ----------- ----------- ----------- ----------- ----------- ----------- ----------- ----------- ----------- ----------- ----------- ----------- ----------- ----------- ----------- ----------- ----------- ----------- ----------- 
     1  AMH  0.00000000  0.00000000  0.00000000  0.00000000  0.00000000  0.00000000  0.00000000  0.00000000  0.00000000  0.00000000  0.00000000  0.00000000  0.00000000  0.00000000  0.00000000  0.00000000  0.00000000  0.00000000  0.00000000  0.00000000 
     2  ASW  0.00000000  0.00000000  0.00000000  0.00000000  0.00193785 -0.00193785 -0.00806627  0.00806627  0.00000000  0.00000000  0.00000000  0.00000000  0.00000000  0.00000000  0.00000000  0.00000000  0.00000000  0.00000000  0.00000000  0.00000000 
     3 BJSW  0.00000000  0.00000000  0.00000000  0.00000000  0.00024251 -0.00024251  0.07008661 -0.07008661  0.00000000  0.00000000  0.00000000  0.00000000  0.00000000  0.00000000  0.00000000  0.00000000  0.00000000  0.00000000  0.00000000  0.00000000 
     4  CAN  0.00000000  0.00000000  0.00000000  0.00000000 -0.22659309  0.22659309 -0.00013025  0.00013025  0.00000000  0.00000000  0.00000000  0.00000000  0.00000000  0.00000000  0.00000000  0.00000000  0.00000000  0.00000000  0.00000000  0.00000000 
     5  CCQ  0.00000000  0.00000000  0.00000000  0.00000000  0.00081167 -0.00081167 -0.00329652  0.00329652  0.00000000  0.00000000  0.00000000  0.00000000  0.00000000  0.00000000  0.00000000  0.00000000  0.00000000  0.00000000  0.00000000  0.00000000 
     6   CW  0.00000000  0.00000000  0.00000000  0.00000000  0.04478874 -0.04478874 -0.00004766  0.00004766  0.00000000  0.00000000  0.00000000  0.00000000  0.00000000  0.00000000  0.00000000  0.00000000  0.00000000  0.00000000  0.00000000  0.00000000 
     7 CYSR  0.00000000  0.00000000  0.00000000  0.00000000  0.00315878 -0.00315878 -0.00009493  0.00009493  0.00000000  0.00000000  0.00000000  0.00000000  0.00000000  0.00000000  0.00000000  0.00000000  0.00000000  0.00000000  0.00000000  0.00000000 
     8 CSWJ  0.00000000  0.00000000  0.00000000  0.00000000  0.00851767 -0.00851767  0.00203057 -0.00203057  0.00000000  0.00000000  0.00000000  0.00000000  0.00000000  0.00000000  0.00000000  0.00000000  0.00000000  0.00000000  0.00000000  0.00000000 
     9   FR  0.00000000  0.00000000  0.00000000  0.00000000  0.00295316 -0.00295316 -0.00114756  0.00114756  0.00000000  0.00000000  0.00000000  0.00000000  0.00000000  0.00000000  0.00000000  0.00000000  0.00000000  0.00000000  0.00000000  0.00000000 
    10 IJSW  0.00000000  0.00000000  0.00000000  0.00000000  0.00000000  0.00000000  0.00000000  0.00000000  0.00000000  0.00000000  0.00000000  0.00000000  0.00000000  0.00000000  0.00000000  0.00000000  0.00000000  0.00000000  0.00000000  0.00000000 
    11 JGSW  0.00000000  0.00000000  0.00000000  0.00000000  0.00450201 -0.00450201  0.00085675 -0.00085675  0.00000000  0.00000000  0.00000000  0.00000000  0.00000000  0.00000000  0.00000000  0.00000000  0.00000000  0.00000000  0.00000000  0.00000000 
    12  JSP  0.00000000  0.00000000  0.00000000  0.00000000  0.00000000  0.00000000  0.00000000  0.00000000  0.00000000  0.00000000  0.00000000  0.00000000  0.00000000  0.00000000  0.00000000  0.00000000  0.00000000  0.00000000  0.00000000  0.00000000 
    13 JSWE  0.00000000  0.00000000  0.00000000  0.00000000  0.03671905 -0.03671905 -0.01858016  0.01858016  0.00000000  0.00000000  0.00000000  0.00000000  0.00000000  0.00000000  0.00000000  0.00000000  0.00000000  0.00000000  0.00000000  0.00000000 
    14   PW  0.00000000  0.00000000  0.00000000  0.00000000 -0.01031495  0.01031495  0.00046024 -0.00046024  0.00000000  0.00000000  0.00000000  0.00000000  0.00000000  0.00000000  0.00000000  0.00000000  0.00000000  0.00000000  0.00000000  0.00000000 
    15  SCW  0.00000000  0.00000000  0.00000000  0.00000000  0.07854245 -0.07854245  0.00929366 -0.00929366  0.00000000  0.00000000  0.00000000  0.00000000  0.00000000  0.00000000  0.00000000  0.00000000  0.00000000  0.00000000  0.00000000  0.00000000 
    16  SSR  0.00000000  0.00000000  0.00000000  0.00000000  0.05789638 -0.05789638 -0.02394010  0.02394010  0.00000000  0.00000000  0.00000000  0.00000000  0.00000000  0.00000000  0.00000000  0.00000000  0.00000000  0.00000000  0.00000000  0.00000000 
    17   SW  0.00000000  0.00000000  0.00000000  0.00000000 -0.07971793  0.07971793  0.00904968 -0.00904968  0.00000000  0.00000000  0.00000000  0.00000000  0.00000000  0.00000000  0.00000000  0.00000000  0.00000000  0.00000000  0.00000000  0.00000000 
    18  SWG  0.00000000  0.00000000  0.00000000  0.00000000 -0.00649989  0.00649989  0.00439240 -0.00439240  0.00000000  0.00000000  0.00000000  0.00000000  0.00000000  0.00000000  0.00000000  0.00000000  0.00000000  0.00000000  0.00000000  0.00000000 
    19 SWHC  0.00000000  0.00000000  0.00000000  0.00000000 -0.07020872  0.07020872 -0.01233459  0.01233459  0.00000000  0.00000000  0.00000000  0.00000000  0.00000000  0.00000000  0.00000000  0.00000000  0.00000000  0.00000000  0.00000000  0.00000000 
    20 SWRA  0.00000000  0.00000000  0.00000000  0.00000000  0.03396873 -0.03396873 -0.01244622  0.01244622  0.00000000  0.00000000  0.00000000  0.00000000  0.00000000  0.00000000  0.00000000  0.00000000  0.00000000  0.00000000  0.00000000  0.00000000 

20 rows, 20 columns, 4 levels.

