REACH CENTRALITY
--------------------------------------------------------------------------------

Input dataset:                          campnet (C:\Users\sborg2\GitHub\xucinet\inst\goldens\centrality\campnet
Output reach proportions (out):         g9m_reach_campnetout (C:\Users\sborg2\GitHub\xucinet\inst\goldens\centrality\g9m_reach_campnetout
Output reach proportions (in):          g9m_reach_campnetin (C:\Users\sborg2\GitHub\xucinet\inst\goldens\centrality\g9m_reach_campnetin
Output summary measures (out):          g9m_reach_campnet_summaryout (C:\Users\sborg2\GitHub\xucinet\inst\goldens\centrality\g9m_reach_campnet_summaryout
Output summary measures (in):           g9m_reach_campnet_summaryin (C:\Users\sborg2\GitHub\xucinet\inst\goldens\centrality\g9m_reach_campnet_summaryin


OutReachProp: Proportion of nodes that ego can reach in D steps

                        1          2          3          4          5          6          7          8          9         10         11         12         13         14         15         16         17 
                    Dist1      Dist2      Dist3      Dist4      Dist5      Dist6      Dist7      Dist8      Dist9     Dist10     Dist11     Dist12     Dist13     Dist14     Dist15     Dist16     Dist17 
               ---------- ---------- ---------- ---------- ---------- ---------- ---------- ---------- ---------- ---------- ---------- ---------- ---------- ---------- ---------- ---------- ---------- 
     1   HOLLY 0.17647059 0.52941179 0.52941179 0.52941179 0.52941179 0.52941179 0.52941179 0.52941179 0.52941179 0.52941179 0.52941179 0.52941179 0.52941179 0.52941179 0.52941179 0.52941179 0.52941179 
     2  BRAZEY 0.17647059 0.23529412 0.29411766 0.35294119 0.52941179 0.64705884 0.88235295 0.88235295 0.88235295 0.88235295 0.88235295 0.88235295 0.88235295 0.88235295 0.88235295 0.88235295 0.88235295 
     3   CAROL 0.17647059 0.35294119 0.41176471 0.52941179 0.52941179 0.52941179 0.52941179 0.52941179 0.52941179 0.52941179 0.52941179 0.52941179 0.52941179 0.52941179 0.52941179 0.52941179 0.52941179 
     4     PAM 0.17647059 0.29411766 0.35294119 0.41176471 0.52941179 0.52941179 0.52941179 0.52941179 0.52941179 0.52941179 0.52941179 0.52941179 0.52941179 0.52941179 0.52941179 0.52941179 0.52941179 
     5     PAT 0.17647059 0.41176471 0.52941179 0.52941179 0.52941179 0.52941179 0.52941179 0.52941179 0.52941179 0.52941179 0.52941179 0.52941179 0.52941179 0.52941179 0.52941179 0.52941179 0.52941179 
     6  JENNIE 0.17647059 0.35294119 0.41176471 0.52941179 0.52941179 0.52941179 0.52941179 0.52941179 0.52941179 0.52941179 0.52941179 0.52941179 0.52941179 0.52941179 0.52941179 0.52941179 0.52941179 
     7 PAULINE 0.17647059 0.35294119 0.41176471 0.52941179 0.52941179 0.52941179 0.52941179 0.52941179 0.52941179 0.52941179 0.52941179 0.52941179 0.52941179 0.52941179 0.52941179 0.52941179 0.52941179 
     8     ANN 0.17647059 0.29411766 0.35294119 0.41176471 0.52941179 0.52941179 0.52941179 0.52941179 0.52941179 0.52941179 0.52941179 0.52941179 0.52941179 0.52941179 0.52941179 0.52941179 0.52941179 
     9 MICHAEL 0.17647059 0.29411766 0.52941179 0.52941179 0.52941179 0.52941179 0.52941179 0.52941179 0.52941179 0.52941179 0.52941179 0.52941179 0.52941179 0.52941179 0.52941179 0.52941179 0.52941179 
    10    BILL 0.17647059 0.23529412 0.35294119 0.58823532 0.58823532 0.58823532 0.58823532 0.58823532 0.58823532 0.58823532 0.58823532 0.58823532 0.58823532 0.58823532 0.58823532 0.58823532 0.58823532 
    11     LEE 0.17647059 0.23529412 0.29411766 0.35294119 0.52941179 0.64705884 0.88235295 0.88235295 0.88235295 0.88235295 0.88235295 0.88235295 0.88235295 0.88235295 0.88235295 0.88235295 0.88235295 
    12     DON 0.17647059 0.29411766 0.52941179 0.52941179 0.52941179 0.52941179 0.52941179 0.52941179 0.52941179 0.52941179 0.52941179 0.52941179 0.52941179 0.52941179 0.52941179 0.52941179 0.52941179 
    13    JOHN 0.17647059 0.52941179 0.88235295 0.94117647 0.94117647 0.94117647 0.94117647 0.94117647 0.94117647 0.94117647 0.94117647 0.94117647 0.94117647 0.94117647 0.94117647 0.94117647 0.94117647 
    14   HARRY 0.17647059 0.29411766 0.52941179 0.52941179 0.52941179 0.52941179 0.52941179 0.52941179 0.52941179 0.52941179 0.52941179 0.52941179 0.52941179 0.52941179 0.52941179 0.52941179 0.52941179 
    15    GERY 0.17647059 0.47058824 0.64705884 0.88235295 0.88235295 0.88235295 0.88235295 0.88235295 0.88235295 0.88235295 0.88235295 0.88235295 0.88235295 0.88235295 0.88235295 0.88235295 0.88235295 
    16   STEVE 0.17647059 0.29411766 0.35294119 0.52941179 0.64705884 0.88235295 0.88235295 0.88235295 0.88235295 0.88235295 0.88235295 0.88235295 0.88235295 0.88235295 0.88235295 0.88235295 0.88235295 
    17    BERT 0.17647059 0.29411766 0.35294119 0.52941179 0.64705884 0.88235295 0.88235295 0.88235295 0.88235295 0.88235295 0.88235295 0.88235295 0.88235295 0.88235295 0.88235295 0.88235295 0.88235295 
    18    RUSS 0.17647059 0.29411766 0.52941179 0.64705884 0.88235295 0.88235295 0.88235295 0.88235295 0.88235295 0.88235295 0.88235295 0.88235295 0.88235295 0.88235295 0.88235295 0.88235295 0.88235295 

18 rows, 17 columns, 1 levels.

OutReachSummary: Distance-weighted Reach & Avg Reciprocal Distance

                        1          2 
                      dwr        ard 
               ---------- ---------- 
     1   HOLLY 6.00000000 0.35294119 
     2  BRAZEY 5.58809566 0.32871151 
     3   CAROL 5.33333349 0.31372550 
     4     PAM 4.98333311 0.29313725 
     5     PAT 5.66666698 0.33333334 
     6  JENNIE 5.33333349 0.31372550 
     7 PAULINE 5.33333349 0.31372550 
     8     ANN 4.98333311 0.29313725 
     9 MICHAEL 5.33333302 0.31372547 
    10    BILL 5.16666698 0.30392158 
    11     LEE 5.58809566 0.32871151 
    12     DON 5.33333302 0.31372547 
    13    JOHN 8.25000000 0.48529410 
    14   HARRY 5.33333302 0.31372547 
    15    GERY 7.50000000 0.44117647 
    16   STEVE 6.14999962 0.36176467 
    17    BERT 6.14999962 0.36176467 
    18    RUSS 6.63333321 0.39019608 

18 rows, 2 columns, 1 levels.

InReachProp: Proportion of nodes that can reach ego in D steps

                        1          2          3          4          5          6          7          8          9         10         11         12         13         14         15         16         17 
                    Dist1      Dist2      Dist3      Dist4      Dist5      Dist6      Dist7      Dist8      Dist9     Dist10     Dist11     Dist12     Dist13     Dist14     Dist15     Dist16     Dist17 
               ---------- ---------- ---------- ---------- ---------- ---------- ---------- ---------- ---------- ---------- ---------- ---------- ---------- ---------- ---------- ---------- ---------- 
     1   HOLLY 0.23529412 0.52941179 0.76470590 0.88235295 1.00000000 1.00000000 1.00000000 1.00000000 1.00000000 1.00000000 1.00000000 1.00000000 1.00000000 1.00000000 1.00000000 1.00000000 1.00000000 
     2  BRAZEY 0.05882353 0.17647059 0.29411766 0.35294119 0.35294119 0.35294119 0.35294119 0.35294119 0.35294119 0.35294119 0.35294119 0.35294119 0.35294119 0.35294119 0.35294119 0.35294119 0.35294119 
     3   CAROL 0.11764706 0.41176471 0.58823532 0.70588237 0.76470590 0.88235295 1.00000000 1.00000000 1.00000000 1.00000000 1.00000000 1.00000000 1.00000000 1.00000000 1.00000000 1.00000000 1.00000000 
     4     PAM 0.29411766 0.58823532 0.70588237 0.76470590 0.88235295 1.00000000 1.00000000 1.00000000 1.00000000 1.00000000 1.00000000 1.00000000 1.00000000 1.00000000 1.00000000 1.00000000 1.00000000 
     5     PAT 0.23529412 0.58823532 0.70588237 0.76470590 0.88235295 1.00000000 1.00000000 1.00000000 1.00000000 1.00000000 1.00000000 1.00000000 1.00000000 1.00000000 1.00000000 1.00000000 1.00000000 
     6  JENNIE 0.17647059 0.35294119 0.58823532 0.70588237 0.76470590 0.88235295 1.00000000 1.00000000 1.00000000 1.00000000 1.00000000 1.00000000 1.00000000 1.00000000 1.00000000 1.00000000 1.00000000 
     7 PAULINE 0.23529412 0.41176471 0.58823532 0.70588237 0.76470590 0.88235295 1.00000000 1.00000000 1.00000000 1.00000000 1.00000000 1.00000000 1.00000000 1.00000000 1.00000000 1.00000000 1.00000000 
     8     ANN 0.11764706 0.35294119 0.58823532 0.70588237 0.76470590 0.88235295 1.00000000 1.00000000 1.00000000 1.00000000 1.00000000 1.00000000 1.00000000 1.00000000 1.00000000 1.00000000 1.00000000 
     9 MICHAEL 0.23529412 0.41176471 0.58823532 0.88235295 1.00000000 1.00000000 1.00000000 1.00000000 1.00000000 1.00000000 1.00000000 1.00000000 1.00000000 1.00000000 1.00000000 1.00000000 1.00000000 
    10    BILL 0.00000000 0.00000000 0.00000000 0.00000000 0.00000000 0.00000000 0.00000000 0.00000000 0.00000000 0.00000000 0.00000000 0.00000000 0.00000000 0.00000000 0.00000000 0.00000000 0.00000000 
    11     LEE 0.17647059 0.29411766 0.35294119 0.35294119 0.35294119 0.35294119 0.35294119 0.35294119 0.35294119 0.35294119 0.35294119 0.35294119 0.35294119 0.35294119 0.35294119 0.35294119 0.35294119 
    12     DON 0.23529412 0.35294119 0.64705884 0.88235295 1.00000000 1.00000000 1.00000000 1.00000000 1.00000000 1.00000000 1.00000000 1.00000000 1.00000000 1.00000000 1.00000000 1.00000000 1.00000000 
    13    JOHN 0.00000000 0.00000000 0.00000000 0.00000000 0.00000000 0.00000000 0.00000000 0.00000000 0.00000000 0.00000000 0.00000000 0.00000000 0.00000000 0.00000000 0.00000000 0.00000000 0.00000000 
    14   HARRY 0.17647059 0.29411766 0.47058824 0.76470590 1.00000000 1.00000000 1.00000000 1.00000000 1.00000000 1.00000000 1.00000000 1.00000000 1.00000000 1.00000000 1.00000000 1.00000000 1.00000000 
    15    GERY 0.11764706 0.23529412 0.35294119 0.35294119 0.35294119 0.35294119 0.35294119 0.35294119 0.35294119 0.35294119 0.35294119 0.35294119 0.35294119 0.35294119 0.35294119 0.35294119 0.35294119 
    16   STEVE 0.29411766 0.35294119 0.35294119 0.35294119 0.35294119 0.35294119 0.35294119 0.35294119 0.35294119 0.35294119 0.35294119 0.35294119 0.35294119 0.35294119 0.35294119 0.35294119 0.35294119 
    17    BERT 0.23529412 0.35294119 0.35294119 0.35294119 0.35294119 0.35294119 0.35294119 0.35294119 0.35294119 0.35294119 0.35294119 0.35294119 0.35294119 0.35294119 0.35294119 0.35294119 0.35294119 
    18    RUSS 0.23529412 0.35294119 0.35294119 0.35294119 0.35294119 0.35294119 0.35294119 0.35294119 0.35294119 0.35294119 0.35294119 0.35294119 0.35294119 0.35294119 0.35294119 0.35294119 0.35294119 

18 rows, 17 columns, 1 levels.

InReachSummary: Distance-weighted Reach & Avg Reciprocal Distance

                        1          2 
                      dwr        ard 
               ---------- ---------- 
     1   HOLLY 8.73333263 0.51372546 
     2  BRAZEY 2.91666675 0.17156863 
     3   CAROL 6.81904745 0.40112042 
     4     PAM 9.14999866 0.53823519 
     5     PAT 8.64999962 0.50882351 
     6  JENNIE 7.15238094 0.42072830 
     7 PAULINE 7.81904745 0.45994398 
     8     ANN 6.65238094 0.39131653 
     9 MICHAEL 8.15000057 0.47941181 
    10    BILL 0.00000000 0.00000000 
    11     LEE 4.33333349 0.25490198 
    12     DON 8.06666660 0.47450981 
    13    JOHN 0.00000000 0.00000000 
    14   HARRY 7.05000019 0.41470590 
    15    GERY 3.66666675 0.21568628 
    16   STEVE 5.50000000 0.32352942 
    17    BERT 5.00000000 0.29411766 
    18    RUSS 5.00000000 0.29411766 

18 rows, 2 columns, 1 levels.


--------------------------------------
Running time: 00:00:01 seconds.
Output generated: 07 Sep 26 20:22:04
UCINET 6.849 Copyright (c) 2002-2026 Analytic Technologies
